49152
65537
65536
65538
49157
49158
49159
65542
49160
49161
16399
16400
65552
65555
65557
65556
65563
65565
65564
49182
49183
49184
65569
65568
65571
65570
32805
65572
16422
38
39
16423
65574
65577
65579
65578
49198
16430
49201
32819
32822
32824
32825
32826
69
49221
65607
16455
49224
49225
65610
65619
32851
65620
49240
65629
65633
16481
65632
49250
65635
49251
65634
49252
65637
65636
65639
65638
117
65655
16506
16509
16510
16511
32902
32903
16521
32905
32917
49305
155
156
32924
65695
65694
49312
65697
65696
65699
32930
65698
65700
16553
32937
65709
172
65717
65716
65719
32950
49334
65718
16569
16570
49339
16571
189
49350
65735
65739
32972
32973
32974
49358
65743
65742
208
209
65744
32979
16595
32980
16598
32982
32983
32984
49373
32990
32992
65763
65762
65768
65771
65773
49389
65772
49390
65775
65774
65777
65776
65779
65778
65781
33013
49398
65783
33015
65782
65785
33017
65784
65787
65786
49404
49405
65788
49406
65790
65792
65795
65797
65796
33030
65799
65801
16649
65803
65802
65804
33038
65807
49424
65809
65808
65811
65810
65813
65812
65815
65814
49431
65817
65816
65819
65818
65821
65820
65823
49439
65822
49441
65827
33059
65826
65828
33062
33064
33065
33066
33073
33074
65848
65851
65853
65855
33088
65857
33089
65856
65858
65862
33096
65865
33097
331
332
33101
65868
334
33103
335
65870
336
337
338
49490
65876
49493
344
65880
49499
16737
33122
65893
49520
49526
16758
16759
49531
49534
65919
65918
49536
65920
49541
49545
65930
33167
65938
65945
65948
33184
33187
65956
16806
65959
65961
33193
33195
65962
65965
65964
33198
33199
49584
33200
65969
33201
33202
33203
16819
33204
65973
49590
65975
65974
65977
65979
65981
65980
65983
65982
33216
65985
65984
65986
33221
65990
33226
65997
33229
16845
49615
49616
49621
49624
496
49650
49651
49652
49653
49654
49655
49656
49657
49658
49659
49660
49661
49662
66047
49663
16896
49664
16897
49665
49666
49668
49669
49670
66055
49671
49672
66057
66058
16908
33294
33295
16912
66067
49683
33300
66071
33302
66070
49688
49690
49691
49692
49693
66076
49694
49695
49696
66081
49698
66083
49699
16931
49700
16932
49701
49702
49703
66086
49704
33321
49705
33322
49706
66091
49707
49708
49709
66092
33325
33326
66097
66099
66098
49717
66100
66103
66105
66106
49727
49728
66112
66115
49738
49739
66127
33360
33361
33362
66131
49747
66133
49749
49750
66135
49753
49759
49760
49761
49762
66148
49766
33385
49783
33402
49786
33403
49788
33407
640
49792
49794
644
49803
66190
66194
49813
17049
17051
17052
66205
66204
17053
66207
17054
17055
66209
66210
66214
66217
66216
66219
66218
66221
66220
66225
17073
66227
49844
66228
33462
49846
49847
66230
49848
49849
49850
17083
49851
49852
66237
66236
33470
17087
66238
33476
33477
66244
33478
17098
66251
66253
33487
49871
66254
17109
17110
17111
17112
17118
49887
49889
49890
33522
33523
49911
33527
49912
66297
66296
33531
33532
66301
33533
66300
33534
66303
33535
66302
66305
66304
66307
66308
33541
66311
66312
66317
66316
66319
49935
66318
49937
66320
66323
49939
66322
66325
49941
66324
49942
33562
49946
33563
66330
33564
49948
33565
66332
17182
66335
66337
17186
17187
66338
17188
66341
17189
66340
17190
49958
49960
49964
49966
66353
49972
66357
66356
17214
17215
17216
66371
17219
66370
66373
66372
49991
66376
49997
49998
49999
66389
50006
50008
66394
50016
50017
865
66405
66407
66408
50031
50033
17266
50034
885
50045
899
900
50053
50054
50055
50056
50059
50060
66447
50064
50083
50085
50090
50095
66478
50097
66480
50098
50099
66485
66488
66490
50108
50111
66494
66497
66502
66504
50122
66506
50124
17357
17358
17359
17360
66513
17361
66515
17363
17364
66519
66518
17368
17369
17371
17372
66525
17373
17374
990
17375
17376
17377
50152
50153
17386
50155
66538
50156
50157
50158
50161
66555
66556
66559
66560
50178
50180
50181
50182
66567
50183
66566
50184
66569
50185
50188
50189
66576
50195
66578
66587
50206
1060
1062
66600
50219
66611
50227
66618
66620
50242
50243
66626
50246
66633
1101
50257
66642
50270
66658
1125
66660
66663
66665
66664
66671
50288
66672
50291
50296
66681
50297
66683
50300
66685
50301
50302
66687
50303
66689
50305
50306
50318
50322
50325
50326
66713
50329
66727
66726
17578
17583
66741
17589
17591
50363
17596
17600
50375
50378
50379
17613
50381
17616
17617
50385
17618
50386
50387
17620
17621
17622
50390
17623
17624
50393
17626
17627
50395
50396
50397
17630
17631
17632
17635
17636
17637
17642
17643
17645
50413
17646
1277
66814
50435
66823
50454
50458
50462
50464
17702
17703
50471
50473
50474
66858
66869
66870
50497
50498
1351
1352
1353
1354
66891
66893
66892
66895
66894
50512
66899
50516
66901
50517
1365
66900
66903
66902
50520
66905
66904
66908
50526
66911
50527
66916
17769
50537
50546
50547
50548
50554
66941
50566
66951
50567
66955
66954
66964
1434
50587
50588
50589
50590
66975
50591
50592
50593
50594
66979
50595
66978
50596
66981
50597
66980
50598
66983
50599
66982
50600
66985
50601
50602
50603
66986
50604
50605
66988
50606
50607
50608
50609
50610
66995
50614
66999
50618
50620
50621
67006
67014
50634
50635
50636
50637
50639
67029
67030
67037
67045
67050
67053
67052
67055
67054
67056
17910
17911
67065
17914
17916
17917
67068
17918
17919
17920
17921
67072
17922
67075
17924
17925
17926
17927
17928
17929
67083
1547
17932
17933
17934
17935
17936
67088
50706
50707
50708
1556
50709
50710
50712
50717
50718
50719
50720
50722
50723
67106
50724
50725
50726
67121
50741
50743
50746
17978
17980
17981
17982
17983
50752
17990
50761
50763
18002
50771
50773
50775
18007
50776
50777
50782
50785
50788
50789
50791
50792
50793
50794
50798
50800
1649
50802
67188
50807
34423
50808
50809
50810
67195
50811
50812
50814
50815
34431
50816
34432
34438
67207
67209
67208
50827
67210
67213
67215
67214
67217
67216
67219
67223
67224
67227
67229
67228
18078
18080
18081
67232
67234
67237
67239
34471
34472
50856
34473
50859
34484
50870
34490
34491
34492
100035
67268
34502
34504
67273
34506
67274
67276
67279
67278
67282
67284
67287
67286
34520
67289
67290
34524
67297
67301
34534
34536
67304
67309
34542
50934
50935
18167
34552
50936
34553
67320
13371340
34564
13371337
67335
67337
67336
67339
67338
67341
67340
67343
67342
67345
67344
67347
13371359
67346
50964
67349
50965
67348
50966
50967
13371348
67355
13371346
13371347
67360
34594
34596
34597
67364
34599
67366
34600
1834
13371360
34604
13371361
34605
34607
67383
67384
34619
34620
51008
34625
34626
67395
67394
51012
34630
34637
51022
51023
51025
34643
67414
67417
34649
51033
1881
67416
67419
67418
34652
67420
67422
67424
34659
34660
34661
51049
67437
67436
67438
67451
67454
67463
67464
34698
34699
67471
34703
34707
34712
67483
34715
34716
34717
51102
34719
67493
67492
34727
67494
34728
34730
67499
67501
67500
34735
67502
34736
34739
34740
34741
34743
34744
34752
51139
34759
34762
34763
34764
34765
34767
34768
34773
34774
34775
34776
34777
34779
34780
34781
67548
34782
34783
34785
34787
34788
67557
34789
34791
67561
34793
67560
34794
34795
51180
34797
51181
67564
51182
67569
34802
34807
34809
34811
34813
34815
34817
51201
34818
34819
34827
67599
34832
67601
67603
34836
67605
67607
67606
34853
51242
67627
34869
34870
2102
2103
34872
51256
34873
2106
51258
34876
51261
34878
34879
34880
34892
34893
34895
34897
34899
34900
67673
67677
67676
67678
34923
51308
34924
34935
34937
51321
34938
34941
67727
51342
67726
51343
51344
51345
67731
67733
67732
34968
67739
67743
67742
67745
67744
67746
67749
67748
51367
67753
67752
67755
67754
67757
67756
67759
35002
67771
51386
67770
35004
67773
35005
67775
51390
51391
51392
51393
51394
67778
67781
67782
67787
67786
35023
35026
35027
35028
67805
35037
35044
67812
35047
67814
51467
67867
67866
67868
51488
67872
67874
67879
67883
67885
67889
67893
67895
67896
67899
67901
67900
67903
67904
67907
67913
67914
67919
67924
67929
67931
67933
67935
67939
67941
67940
67944
67947
67949
67950
67953
67960
67963
67964
67967
67966
51587
67970
67973
51589
51590
67975
51591
67974
51592
67977
51593
67976
51594
67979
51595
67978
51596
67981
51597
67980
51598
67983
51599
51600
51601
51602
67987
51603
67986
51604
51607
67990
51608
51609
51610
67995
51611
51612
67997
67996
67999
68001
68003
68002
51619
51624
68009
68008
68010
68012
51632
68017
68019
68018
68023
68025
51643
51653
51654
51655
51656
51657
68040
51658
51659
51661
51664
51665
51670
68057
51673
51674
68061
68060
51679
68062
51686
51689
51690
68080
51699
68111
68113
68115
68114
51732
68118
51742
51743
51744
51745
51746
51749
51750
51751
51756
51757
51761
68147
51764
68148
68150
51768
68152
51769
51770
51771
51780
19017
19028
19029
19030
19031
19032
19033
19035
68186
68188
68193
68192
51818
68207
68209
68208
68211
68213
51830
51831
51832
51833
19066
19067
19068
19069
68222
68229
68231
68230
68233
68235
68236
68239
51855
68241
68240
68243
51859
68245
68244
68246
68249
68248
68251
19100
68252
68257
68256
51876
68263
68265
68267
68266
68269
68268
68271
51887
68273
68272
19122
68275
51891
68277
68278
68281
68280
68282
19132
68285
68284
19134
68287
68286
68288
68290
68292
68295
68297
68296
68299
19147
68298
19148
68301
51917
68300
51918
19151
51919
68302
68304
51922
68309
19157
19158
51926
68311
19159
51927
68310
51929
51932
68325
68324
68326
68329
68328
68331
68330
68333
68332
68334
68339
68343
19194
68347
19195
68346
19196
68349
19197
68348
19198
19199
19200
68353
19201
68355
19203
68354
19204
68357
19205
68356
19206
68359
68358
68361
68360
68363
68362
68365
51982
51991
51992
19225
51993
68376
19226
51994
19227
19228
19229
19230
19231
19232
19233
19234
68387
19235
68386
68389
68391
52007
68390
52009
68392
52010
52015
68419
68418
68420
68430
68433
52049
68435
68434
68437
68439
68438
68441
68443
68442
68445
68444
68459
68458
68461
68460
52078
68462
68464
52088
68475
68476
68480
68482
68484
68491
52110
68495
68494
68496
68501
68505
68504
68507
68506
68508
52134
52135
68520
68534
68537
68536
68539
68538
68542
52161
68544
52164
52173
68559
68561
68560
68563
68562
68565
52181
68569
68570
68575
68574
68577
68579
68578
68581
68580
68583
68582
68584
68589
68588
68602
35860
68636
35872
68645
35878
35882
19500
35885
19501
19502
19504
19506
35894
19511
35897
19514
19518
35904
35908
19526
19527
68682
68685
68687
68689
68708
19560
68713
68715
68714
68717
68716
68718
68721
68722
68725
52341
68727
68726
68728
52352
52353
52354
35977
52365
52366
52367
35988
19605
35989
35998
36003
68779
19627
19628
19629
19630
19631
19632
52400
68785
19633
52401
19634
68787
19635
68786
19636
19637
68788
19638
68791
19639
68790
19640
68793
19641
19644
19645
52422
3272
3276
52432
3281
36055
3291
36059
3292
52447
19690
19693
19695
19696
19697
36081
52465
36083
3317
19704
19707
19708
19709
19711
19712
52481
52483
68869
52484
19718
19719
19720
19721
52489
52490
52492
36110
52494
68881
52497
52498
52499
52500
52501
52503
19736
68892
19745
52515
52517
52523
52524
68909
52525
52526
36142
52528
52529
52532
52534
52535
52536
52538
52539
52541
19774
19775
52543
36159
19776
52544
19777
52545
19778
52546
19780
68935
19783
19784
52553
52554
36171
68941
52559
19792
68944
68949
68951
68950
68953
68952
68955
36188
68956
68959
68958
68961
36193
36194
68963
19816
68969
19817
19818
68971
68970
19820
36207
68974
36214
36221
68991
36228
68999
69005
69009
69008
69011
36243
69010
69012
36246
69017
69016
69030
52649
36269
36271
69047
36279
69049
69048
36284
69056
69059
52679
69062
52680
69064
36299
36300
69069
36301
52685
69070
69073
52690
19923
52691
52692
52693
19925
19926
52694
19927
52696
19930
19931
19932
52701
52702
52703
69088
52706
36323
36324
36325
52709
69095
69094
69097
69096
69099
36331
69098
69101
52717
69100
52718
36335
52719
69102
52720
36336
52721
52723
52724
52725
36344
36346
52731
36353
36359
19976
19977
19978
36362
69131
19979
36363
52747
69130
52748
69133
52749
69132
36370
19987
52757
36381
36382
36383
36384
36385
36388
36389
52773
52774
52775
36392
36393
36394
3626
36395
52779
36397
52781
36398
69167
52783
20023
20024
20025
36409
20026
69181
52798
52801
69187
20035
20036
52804
69189
20037
52805
69188
52806
69191
52808
69193
52809
69192
69195
69194
69197
52813
69196
3664
69201
36434
3667
52830
69215
52834
52835
69225
36460
69230
69235
36467
3701
3702
69239
3703
69241
3706
69243
69242
69245
69247
52863
69246
69249
69248
20107
20108
69261
69262
52880
20112
52881
20113
69264
36498
52882
36500
69269
36501
36502
36503
36504
69275
36507
36509
36510
69279
36511
69278
36512
36514
69283
36515
36527
36529
36534
36536
36537
36538
36544
36545
36549
36550
36551
36553
36554
36557
36558
52942
36559
3794
36565
36568
36569
36570
36571
52956
36573
36575
52959
52961
52962
52963
36582
36583
36588
69356
52974
52977
52981
20213
20214
36598
52983
52984
69371
52990
52992
52995
52999
36615
53000
36616
53003
53005
36621
53006
36622
53010
36627
36628
53013
36631
53018
53020
53021
53022
53023
53024
53025
53026
53027
53028
53029
36645
53030
53031
36648
53032
53033
53035
53037
53038
53039
53040
3888
53041
36658
36659
36660
53048
53049
53050
53052
53053
53054
36670
53055
36671
53056
36677
53062
53063
36679
53067
53069
53070
53071
53072
53073
53080
36697
53082
53083
53084
20316
53087
53088
53091
53092
53095
36711
3944
3945
36713
36717
36718
20338
3954
36723
20340
20341
20342
20343
20344
53113
53114
53116
53117
53118
53119
53120
53122
53123
20357
53125
53126
20362
36751
3984
3986
36756
53143
20375
53144
53145
53146
53147
36764
53148
69533
53149
36765
53150
69535
53151
69534
36768
36769
36770
53154
53155
53156
69541
36773
53157
53158
53159
53160
36776
69545
53161
53162
36778
69547
4015
69552
53172
53175
53176
36792
53179
53180
36796
53181
53182
20415
20416
36800
36801
36802
36803
36806
20424
69579
20428
69581
20429
69580
20430
69582
20432
53204
36826
36827
20443
53212
36828
36829
20445
36830
20446
20449
53217
20450
53219
20452
20453
53221
20454
20456
53225
20457
20458
53227
36843
53228
20461
53230
53231
53235
20468
53237
53238
20473
53245
53250
36867
20485
36872
20497
20498
20499
20500
20501
69652
20502
69655
20503
20504
20505
69656
20508
53280
69665
69664
53282
69667
36900
4133
69670
69675
69674
69676
69678
69685
69684
69687
69686
53310
53311
36927
53312
69697
53313
69699
36934
36935
36937
53322
36939
53324
53325
53326
69711
69712
53332
53334
53335
53336
53337
53338
36954
53339
53340
53341
53342
53343
53344
36960
20577
53347
36963
53348
53349
36965
53350
69735
53351
53352
53353
69742
53366
53367
69753
36985
69752
118907
69757
69756
69759
69758
118917
53382
118919
69767
118918
37000
118921
53387
53394
250001
53395
53396
37013
69783
53399
69782
37016
20632
53400
69785
69787
53403
20635
20636
20637
37021
53405
250014
53406
250013
53407
53408
20640
37024
53410
20642
37026
250017
53412
37028
69797
53413
69796
37030
250021
53415
37031
37032
53416
53417
20649
37034
53419
53420
37036
4269
53421
53422
53423
53424
53425
53427
53428
69813
53429
69812
53430
53431
53433
53434
4283
53437
53438
53439
250051
53442
37058
250048
53444
53445
250053
20682
37066
69835
20683
20684
53452
69837
53453
69838
53456
20688
53457
53461
53462
53463
69846
53464
69849
53465
53466
53467
69850
69853
20701
53469
53470
69855
69854
53473
69856
53474
53476
37097
69867
69866
53484
53485
53486
69871
53487
250092
69870
37104
53488
69873
53490
69875
53491
250096
69874
20724
37108
37110
53494
53495
53497
69880
53498
53499
53500
69884
37118
53502
37121
53507
69890
53508
250119
53509
69892
53510
69895
53511
250116
69894
53512
53513
37129
53514
53515
53516
53517
53518
20750
53519
53520
53521
53522
53523
53530
37146
53531
53532
250142
53534
53535
53537
250146
250145
53539
53540
250151
20773
250150
250149
69927
69926
53544
69929
69928
69931
53547
250152
69930
37164
53548
69933
250158
69932
250157
37167
53552
69937
250162
69936
53554
69939
20787
69938
53557
53558
69943
4407
53559
69942
37177
4409
37179
69946
69949
69948
69951
53568
53570
53571
250182
250181
250180
250187
250185
53578
250184
53579
250191
69964
250189
69967
250188
250194
250193
250192
4435
69970
250198
250197
250196
69977
250206
69980
20833
53605
4454
53606
250212
53610
250223
20850
250224
250230
250233
250239
250238
20867
250240
20868
70021
20870
250251
20873
20874
37260
250255
250259
53649
37268
250262
250267
250266
53661
250270
53663
250275
250272
250277
250283
70057
250282
70059
70058
70062
70065
20921
20922
20923
20924
70077
20925
250307
250309
250308
70089
250314
70088
70091
250312
70090
250319
70093
250318
70092
53710
70095
70094
250322
70096
250321
70098
250327
70101
250329
250328
4573
250342
70127
53744
250354
53750
250357
250362
250365
250364
53766
20998
53767
20999
53768
53769
70152
53770
53772
53773
53774
53776
53777
53778
53779
70167
70169
70180
53798
53799
37419
37420
37426
53810
37427
37428
53812
53813
53814
37433
70203
53819
37441
37442
37443
53827
37444
53828
37445
53829
37446
53830
37447
53831
4680
53832
37449
53833
37450
53836
21069
53840
4690
53857
4706
53859
53868
53871
53872
4724
37497
37498
53887
53888
37504
37505
37510
37512
53898
53902
53903
53904
53906
53907
53908
53913
53918
53919
70311
70315
70314
70317
53937
53940
4792
70330
53949
53950
53962
53968
53969
53970
53971
21203
53972
21204
53973
53974
21206
53975
53976
53977
4826
53988
53991
53992
21226
21227
53995
53998
21231
53999
21234
54002
21235
54004
54005
54006
54008
54011
54014
54016
54017
21259
21260
21261
21262
21264
21265
21266
4913
54070
21303
21306
37691
37693
37694
54083
54091
54093
54094
54105
21350
54118
54133
54134
54135
54136
37753
54137
21370
54138
54139
54141
54142
54150
54153
21386
54154
54156
54157
54158
54160
54162
54163
54164
54165
54166
21401
54170
54172
54173
54174
54177
54179
21412
54181
54182
21415
21416
21417
54187
54188
54189
54191
54195
54196
21445
54215
54216
54218
54219
54220
54221
54222
54223
54224
54225
54226
54227
54228
54239
21478
21479
54249
21484
300030
54299
54300
54302
54303
54304
54306
21539
54307
54308
54309
54310
54311
54312
54313
54314
54315
300079
54316
54317
54319
54320
300084
54321
21555
54323
300080
300081
21558
300082
300083
21560
54328
21561
300094
300095
21567
300100
54338
300102
54340
300096
54341
300097
54342
300098
54343
300099
54345
300110
21580
54349
21582
21584
54352
54353
54354
54355
54356
54358
21593
54362
21594
21595
54363
21596
54367
54369
21602
54370
54371
300135
21604
54372
21605
54373
300129
21606
21607
54375
21608
54376
300140
21610
54380
54382
21614
300139
300149
300145
54390
54391
300147
300157
21626
54394
54395
300153
54398
300154
21631
54399
54402
300166
54403
21636
300160
21637
300161
21638
300162
21639
54407
300163
54408
54409
54410
54413
300170
300180
300181
54419
21653
54422
54425
54427
54429
300186
300187
21665
21666
21667
21671
54440
54442
21675
54444
54445
21679
54451
38068
38069
38070
21686
54454
38071
54455
54456
54458
54460
54461
21694
54462
21711
21712
54482
54483
54484
54486
54491
300255
54499
54500
300257
54507
38126
38129
54519
21755
54523
54524
54527
54528
54529
300291
300303
300296
54542
54545
54546
21779
54547
54548
54549
54550
21792
21793
21801
38185
21805
21806
21807
21808
300340
21809
54577
21817
38202
21820
38206
38207
38208
300358
21827
300354
54599
300355
54600
300364
54601
300367
300361
38222
300363
300372
54611
300375
300371
21850
54619
54621
300388
54629
300387
300392
54639
54640
54641
54642
54643
54644
54655
54657
300422
300423
54661
21894
300428
54665
300429
54667
21899
300424
300425
300426
300427
300437
300438
38293
300443
300454
54694
300462
300463
38318
300458
300459
54704
21943
38332
54717
300492
38358
38360
54744
38361
54745
38363
54747
300511
38364
54748
38365
54749
38368
300516
21988
300513
300514
300515
38376
21994
21996
21997
54766
38384
300534
22003
54772
22004
22008
54777
54790
54792
54796
54797
300553
22031
300572
54814
22046
54815
54816
22050
22051
54822
54823
54824
54825
300590
300591
54831
300587
22077
54847
54848
54849
54850
300608
300620
300622
38475
300623
300616
38477
300618
300628
38482
300624
22110
38495
22111
38497
54882
300647
38501
300652
300653
300654
300655
38509
22125
300649
300650
38511
300651
300662
300656
38517
38522
38523
22141
300666
54910
22142
54911
54912
300677
54914
300679
54925
54926
54927
54928
54929
22166
54936
54937
38557
22173
22178
22179
22180
22181
54955
300724
300725
300727
22197
38586
300728
54977
54978
54979
54980
54981
54982
54983
54984
54985
54987
300751
54988
54989
54990
54991
54992
54993
300757
38611
54995
54996
38612
54998
38614
54999
55000
300764
55001
38620
38621
38622
55006
38623
38624
55008
22240
38625
22241
55010
55016
55017
55019
55022
55023
55024
55025
55026
55027
55030
22265
55034
22266
22267
55035
55036
22268
55037
55038
55039
55040
300801
300802
55056
55057
55059
55060
55062
300818
55070
22305
55076
55077
55078
55080
55082
55083
55084
22317
300851
300861
300862
300856
38717
300857
22334
300858
300859
300871
38726
300867
38728
300877
55114
38732
300872
300873
55118
300874
55119
300875
55121
38737
300885
55122
38742
55127
38753
38754
300896
300899
300909
38768
300912
38772
55158
38776
55160
55161
55163
300935
55172
55173
55175
300931
300940
22410
300942
300939
300948
300949
300950
55188
300944
300945
300958
55195
55203
300960
300973
300974
300975
38830
22447
38832
55216
55217
38835
55219
38836
55220
38837
55221
38838
55222
38839
55223
55224
38841
55225
300989
38842
38843
55228
38845
38846
55230
38848
55232
38849
300997
38850
300998
300992
55237
38854
6086
38855
300995
38856
301004
38857
301005
38858
301006
38859
38860
301003
55247
301013
55250
301014
22482
55251
301015
22483
301009
55255
55256
22488
55257
55260
301017
301018
22495
301019
55264
38881
301029
38885
55270
301027
22505
22506
55274
22507
301039
22508
22509
55277
22510
55278
22511
22512
22513
22514
301046
22515
22516
301040
22517
22519
55287
55288
55289
55290
22527
55296
55297
22529
6145
55298
301062
22531
55299
55300
22533
301057
301058
38919
301059
38920
301069
301070
55308
55309
22541
38926
22542
6163
301074
301084
55320
301086
55324
301080
301095
301103
55344
22577
55345
38963
55348
55349
55350
55351
55352
55353
55354
6207
38976
22599
38983
55369
301149
22619
55390
55391
55392
55393
55397
55398
39014
55400
55401
22635
301167
55404
55405
55408
55409
55410
301168
55413
22646
301170
22647
301171
55422
22661
55434
6283
301192
301193
301194
6287
39059
301201
55449
301210
55455
301222
39075
39077
39078
301218
301228
39114
39126
39127
39128
39129
39130
39133
39134
39135
301303
301299
301309
301310
301311
301304
301305
301316
301317
301319
301314
301324
55564
301321
55566
301322
55567
55568
55569
55570
55571
39187
55572
301328
301329
55573
55574
301340
55577
301341
301342
55579
55583
301356
301357
55594
55595
55596
55597
301354
55600
301364
55602
301361
39222
39223
301374
301369
55616
55617
301376
301377
301389
39242
301390
301391
301397
301399
39253
55639
39256
301404
55642
39261
55647
301403
301412
39265
301413
39266
301415
39269
301420
301417
301419
301431
301424
301425
301426
55671
39289
55675
39294
301435
55680
301445
39301
39305
39309
301460
55697
301461
55698
6546
55699
301463
55700
301456
55702
301458
55703
55704
55705
301469
55706
301470
39328
55713
55715
55716
55717
55727
55732
55742
301519
55758
301520
301521
301522
301523
55769
55770
55771
55772
55773
55774
55775
55776
39392
55777
39393
301541
55778
55779
55780
301536
55781
55782
55783
55784
55785
55786
55787
39403
55788
39404
55789
39405
55790
55791
23024
55792
23025
55793
23026
55794
39410
23027
55795
55796
55797
55798
39414
55799
55800
55801
55802
55803
301567
55804
55805
23038
55806
23039
55807
55808
55809
55810
55811
55812
55813
39433
55823
55824
301589
55826
301591
55828
39445
23070
55843
301611
55858
23092
55860
23093
55861
23094
55862
55863
55864
23097
55865
23098
301630
23099
23100
23101
23102
23103
23104
39488
23105
39489
301638
23107
23108
23109
23110
23111
23112
39496
23113
55881
55882
23115
55883
23116
55884
301641
55886
55887
55888
23125
23126
39510
23129
23130
23131
39515
23135
23136
55904
55905
23138
23140
55908
23141
301665
23142
301666
23143
39542
301693
39546
39547
39548
39550
39551
23170
301702
301703
55943
301708
55945
55946
55947
301704
55949
23182
301706
23183
301707
23184
23185
23186
23187
23188
55956
23189
23190
23192
23193
23194
23195
301727
23196
23198
55967
55973
301730
301731
23212
23214
39600
39601
39602
39603
23221
39605
39606
23223
39607
39608
39609
23227
55999
56001
39618
56002
56004
39621
39622
301763
39625
56009
39626
39627
23247
39631
56015
23248
23249
39634
39635
39636
23254
23255
39639
39640
56024
39641
39643
56027
39644
56031
39648
56032
56033
39650
56034
23267
39651
23268
39652
56036
23270
56038
23271
23272
39656
23273
39657
39658
23274
56042
23275
23276
39660
23277
23280
56052
23286
56055
23288
56056
39672
301820
56057
56060
301816
56061
56062
56063
301819
56064
56065
56066
56068
56069
56070
56073
23306
56074
23307
56075
56076
23308
23309
56077
39694
56078
39695
56079
23317
56085
23318
56087
301843
56089
56090
23323
56091
56092
23325
56093
23326
56094
56095
56101
56107
56108
56109
56110
56111
56112
56113
56114
301875
301884
56126
56127
56128
56129
56130
301888
56132
301889
56135
56136
39753
56137
301901
56138
56139
56140
56141
56142
56143
301899
56144
301908
301910
56149
39767
301907
301916
56153
301917
301918
301919
39773
56157
301913
7006
301914
301915
56161
56162
56163
56164
301920
23397
56165
39782
56166
301922
39783
23399
56167
23400
56168
301932
39785
56169
400239
56170
400236
23403
301930
39791
301931
56177
400242
39797
400243
39798
400240
400241
56184
56185
7035
39806
400248
7039
39807
400249
56193
56194
39812
39814
56208
23440
56212
56213
7065
301982
301983
400283
400295
39842
56227
56232
56233
301998
301999
301993
301994
301995
302004
56241
302005
56242
302006
56244
302000
302001
39862
302003
39867
302009
39871
302022
302023
39876
56260
39886
7118
56272
56273
7122
56278
56279
56280
56281
39909
400352
302060
23529
23530
23531
302063
23532
302056
23533
23534
56302
302058
23535
56303
23536
56304
56305
302064
23543
23544
56314
302078
302079
23548
23550
7166
23551
302084
23553
302085
23554
23556
302080
23557
56325
302081
23558
302082
23559
23560
302090
302091
302102
302103
56340
56341
400401
56347
56348
302104
302105
56349
400408
23583
39969
56355
56357
7206
56360
56362
400428
23596
400426
23598
23599
23600
23601
400439
23602
23603
23604
23605
23606
23607
302131
39996
56381
39999
56387
302151
23620
23621
302147
56394
302152
23629
56397
40013
56398
40014
23631
56399
23632
56400
56405
400476
40028
400475
302180
40034
40038
56422
56423
40039
56424
40040
56425
56426
56427
56428
302184
400490
56429
400491
56430
56431
23664
40048
56432
56435
23668
56436
40053
56437
40054
56438
40055
56439
400497
400510
40057
56442
400509
40069
302210
56459
56460
302217
56462
40079
40081
56465
400532
40083
302231
302225
40086
302236
400542
302237
400543
40090
302238
400540
56475
400541
302232
40093
56477
302233
400539
302234
40095
302235
400537
56481
302245
40098
23715
40099
40101
302241
40102
56486
302242
40103
302243
400545
40105
56490
302254
400556
56491
400557
302250
56496
23731
56499
23732
302257
23736
40124
23741
40125
40126
23744
23746
23748
23749
23750
40134
23751
23752
23753
23754
23755
23756
40140
23757
23758
23759
56527
23760
23761
56529
23762
56530
23764
400594
23765
23766
23767
23768
23769
23770
400604
23771
23774
23776
400614
23777
23778
7398
7399
7401
23789
400617
7408
302320
56565
56567
23805
23806
56579
56580
40197
40200
40201
40202
40203
40204
40206
23822
40207
23830
40214
40215
23832
56600
23834
23835
56608
56614
56634
40250
40259
7494
40262
7496
40268
40269
56656
23891
56660
23892
23893
23894
40278
23895
40280
56664
40282
56668
23901
56669
23902
56671
56676
23909
40295
23913
23914
40298
302446
40300
40301
40305
40307
40308
23925
40309
56694
56695
23928
56696
23929
56699
56700
40320
40324
56710
7559
7561
56713
7565
40340
40341
40342
7580
7583
40351
23983
23984
56755
23990
23991
23995
23996
23997
23998
40390
24009
7626
24011
24012
40397
40398
40407
24023
56793
56794
56798
56800
24033
24035
56804
24037
24038
302562
24039
7656
56808
24040
302575
302570
24047
302571
24048
24049
302581
24050
302582
24051
302583
56820
302576
56821
302577
56822
40439
56823
302588
56825
302589
56826
40443
56828
302586
56831
302596
56834
302598
56835
56836
24069
302594
40456
56840
40457
24073
40458
302600
24077
302601
40463
302603
302612
302614
40467
24083
40468
40469
40472
302620
302621
302622
302623
56860
302617
24094
302619
302628
302629
40482
302630
7715
302631
7716
302624
40485
7717
302625
302626
302627
40490
302632
302633
7726
302634
40495
40496
302644
40497
40500
302641
302642
302643
56891
56892
302648
302649
24129
24132
56900
24133
56901
302657
24134
302658
24135
302659
24136
56904
24137
302669
24138
24139
56907
302671
24140
56908
40524
24141
56909
24142
302667
56912
56913
302677
56914
24148
302672
40533
302674
24151
302675
56920
56922
56924
56925
24159
56927
302692
7780
56934
40551
302691
24168
302701
302702
56939
40557
56941
40558
40559
40560
40561
40562
7796
40564
56949
40566
7799
7800
40568
40569
56954
40570
40571
40572
40573
40574
40575
40576
56960
7808
40577
302725
40578
56962
302726
302727
40580
40583
302732
40586
40587
302735
40588
302728
302729
302730
56975
302731
302740
302741
302742
56978
302743
24213
302737
302738
302739
302749
302747
302766
302761
40629
40631
302776
57023
302788
302789
57026
57027
57029
57031
302787
7880
302796
7881
302797
57035
302806
302807
302814
302815
302808
302810
302820
302821
302822
302823
302817
57063
57068
302824
57072
57074
302838
302834
302844
40696
302845
40698
302852
7945
7946
40716
40717
7960
302879
302873
302875
57120
57121
57122
57124
57126
57127
40746
302895
57133
57142
40763
57150
57152
302916
57164
57168
40785
57171
57172
57176
302940
57177
302942
57179
57180
8028
57181
8029
57182
57183
8031
57185
57186
57187
57188
57189
57190
57195
57205
57206
57207
302963
57208
57210
57212
302968
57213
302976
302977
57223
57224
57225
40846
57232
57233
40849
57234
40850
57235
57239
57240
57241
57244
303002
57249
57252
303009
57253
57255
8104
57257
57258
57259
57260
57261
40886
57270
40888
303036
57273
40892
303033
303034
303044
40897
40898
303046
303040
40904
303053
303054
303055
57291
303049
303050
303056
303057
57303
57308
57309
303065
303077
40939
57324
40946
40948
40949
57335
57337
57341
57343
40960
303108
303110
303111
40966
40967
303117
40970
303118
40971
303119
40972
303112
40974
57359
303121
303123
303132
40986
303135
303128
303129
40991
303131
40996
41001
41004
24620
57391
57392
57393
57396
41013
41014
41016
41017
303172
303173
303174
303175
57412
303168
57413
303169
57415
41031
57416
303180
57417
57418
57419
41036
57420
303176
57421
41038
303178
303188
41041
57426
303190
303184
41045
303185
41048
41049
303199
57437
303194
57439
303204
41059
41060
303203
41065
41067
41069
303209
57456
41074
303223
303218
41080
303228
41081
303227
41091
41095
57480
57481
41098
303247
303240
41101
303241
41103
303253
303254
303255
41108
41110
303250
57494
303251
57496
57497
303256
303258
303259
303268
41121
303269
303270
57507
303271
303264
303265
303266
303267
303278
41132
303272
303280
41146
57533
57534
303303
303299
41159
41160
57551
41170
303319
303325
303326
303327
303320
303321
303333
303330
41192
41193
303343
303336
8432
303348
303344
303347
41208
303356
41209
8441
303353
303355
8452
303362
41224
41225
41227
41231
41232
303380
41233
41234
57620
41236
41237
303377
57621
41238
57622
303378
41239
303379
41240
57624
41241
303389
41242
57629
41246
57630
41247
41248
57632
303393
41274
41276
41277
57663
57664
41281
57666
41288
41289
41290
41291
57681
57682
303447
303455
41307
57700
57701
57702
303458
303459
57710
57711
57718
57722
57724
57725
57726
303493
303494
57731
57732
57734
57735
57737
57738
303502
303496
303498
57746
57747
303511
57750
41368
303516
41369
303515
41375
41381
41382
41386
303543
41400
41405
41406
303547
41409
41411
41412
41414
41416
57801
41418
57811
303568
303571
303582
303588
57827
41444
303585
57834
41458
41460
41461
41462
57848
41465
41466
41474
41480
57871
41489
41491
41492
41494
41495
57879
41508
41511
41517
41520
57904
41521
57906
57908
57910
41526
41529
303678
303679
41532
41533
41534
41535
41537
41539
57923
57924
41540
303680
57925
41541
41542
303682
57927
41546
57931
41549
57933
41550
41567
57952
57953
41569
57954
57955
57956
57957
57958
41574
57960
41578
41579
41582
41583
41584
57968
57971
57972
57973
57974
41592
57980
57984
57989
41607
57991
41608
57996
57997
57998
57999
303764
58001
58002
41618
41619
58003
41620
58004
41621
58005
41622
58008
58009
41625
58010
58011
58012
303768
58013
58014
58015
58016
303781
303782
41634
58019
303776
41637
303778
58023
8883
41653
41654
41656
41657
41658
8892
8895
8896
303820
41681
58066
58067
58068
303838
303839
303844
58087
58094
58095
58096
303860
58097
303861
58098
58099
303863
58100
58101
58102
303858
58103
41719
58104
41720
58105
58106
58109
58110
303866
58111
58112
58113
303877
58114
58115
58116
58117
58118
303874
58119
58120
58121
58122
58123
58124
58125
303881
58126
58127
58129
303893
58131
58133
58134
58136
303900
58137
303901
58138
303902
58139
303903
58140
58141
58142
58144
303908
58145
58146
303910
58147
58148
58149
303905
303918
303919
303912
58157
303913
58159
303915
303924
303925
58164
58165
58166
303922
41782
58167
9015
303923
303932
303933
41787
9021
58173
303929
58175
303931
58176
58187
58188
41804
58190
58191
58192
303956
303959
303965
303961
58206
303962
58208
58209
58212
303968
9061
58214
303970
58215
303971
58216
303980
58217
58218
58219
303983
58220
303979
58224
303988
58225
58226
58227
58228
58230
58231
303996
58233
303997
303998
58235
41852
58237
303993
58238
303994
303995
58240
58241
58242
58243
58244
58247
41863
41864
58251
58253
58254
58255
41872
58256
58257
58258
58260
58263
58267
58274
58275
58276
58277
58278
58280
58281
58282
304046
58283
58284
41900
58285
41901
58286
58287
58288
58290
58291
58292
58293
304049
58294
304050
58295
58296
304061
58300
58301
58302
58303
41919
58304
58305
58306
304070
58308
58309
58311
41928
41929
58313
304077
58314
58315
58316
58317
304073
58318
58319
58321
58322
304086
58324
304080
58325
304081
58326
58327
304083
58328
58329
58330
58331
58332
58333
304089
41950
58335
58336
58337
58338
58339
304103
58340
58341
58342
304098
58343
58344
41960
41961
304109
304110
58347
58348
304104
304105
41966
304106
41967
58351
58354
58357
41973
304114
58360
58362
304127
304120
41981
58365
304121
58366
9214
58368
304132
58370
58371
41988
9220
304128
304130
41991
9225
304143
58381
58383
58384
58386
304150
58387
304151
58388
304144
58389
304145
58390
304146
58391
304147
58392
58393
58394
58395
304159
58396
58398
58399
58400
58401
58402
58403
58404
304160
58405
58406
58407
304163
58408
58409
304173
304174
58411
304175
58412
58413
58414
58415
304171
58416
304180
304181
9266
304182
58419
304183
58420
304176
58421
304177
42038
58422
304178
42039
58423
304188
42044
42045
42047
58434
304198
304199
58456
42072
304221
58458
58459
304223
58460
304217
58463
304228
304229
304224
304225
304226
304236
304237
304238
42091
304239
42093
304234
42095
42096
42097
42098
304246
42099
304247
42100
304241
42102
304242
304253
42107
42108
58493
304249
304250
304251
304260
304261
58499
9348
9350
304270
58511
304267
58513
58516
42133
58517
58522
304286
304287
58525
9373
42142
9374
58527
58528
304293
304288
304289
58534
58535
304291
58536
42152
304308
58545
304309
58551
304307
58553
304317
42173
304315
58563
58565
58567
58568
304332
58569
304334
58571
58572
304328
58573
58574
58575
58576
58577
9425
304341
58578
304342
58579
304343
58580
58581
58582
58583
58584
58585
304349
58586
58587
58588
304345
42210
42211
42212
42213
42215
58603
58604
58605
58606
58607
58608
58609
58610
9460
304380
58620
58621
58623
304379
9473
58626
304390
42247
42248
58632
58633
58634
9482
58635
58636
42253
42254
58639
304395
58640
42257
58641
42258
304401
304402
304403
58648
42265
304413
304420
58658
304422
42275
58659
304423
58660
42280
304424
304426
304439
304435
304444
304445
304446
304447
9532
58685
304441
304443
58690
304454
58691
58692
9542
42310
58696
58697
58700
42317
42318
58702
42319
58705
58711
58713
58714
304478
304479
58719
304484
58721
58728
304493
58731
58732
58733
58734
58735
304491
58737
58738
304496
304498
58745
304504
58749
304505
58750
304506
58751
304507
58754
58755
304525
304532
304533
58771
58772
304528
304540
304541
58781
58783
304539
304549
42405
58790
304546
58791
304556
58792
58793
58794
304559
58796
58797
304564
304560
304562
58818
58819
58820
58824
42444
42446
42448
42450
42451
42452
42453
58839
58853
58854
58857
58859
42481
42486
42487
42488
9720
58872
304636
58882
304646
58883
58885
304641
58886
58891
58893
58896
58899
58906
9767
58919
58920
58921
58922
58927
9777
9778
9779
9780
58932
9781
9782
9787
58940
9789
58944
58945
9793
9797
58956
58958
58959
58978
58984
58986
58987
58988
58989
58990
58998
58999
42617
59005
59008
59010
42626
42629
42633
59019
59021
59032
59033
59034
59035
59041
59046
59048
59065
59078
59081
59082
59083
59086
59090
59091
59098
59136
59137
59139
59142
59149
59150
59153
59166
59173
59179
59183
59188
59190
59191
59192
59194
59197
59198
59200
59201
59202
10065
59217
59227
59229
59230
59236
10085
59237
59239
59240
10094
59247
10101
59253
59261
59262
10120
59275
10124
59283
59284
59285
59289
59295
59326
10177
59331
600015
600017
59353
600016
59359
600041
59362
600043
600042
59370
600039
59375
59377
59378
59385
43003
43004
59388
59390
59393
59394
59395
43011
59396
59397
43015
59403
59408
59409
59415
59418
59420
59427
600111
59431
600110
600097
600099
59435
600100
10292
59445
600124
59446
600126
59448
59452
600117
59455
600143
59464
10315
59467
600130
600132
59470
59471
59472
43092
43095
59481
43098
59482
43099
59486
43102
43106
600171
43108
43109
43110
600161
43113
43114
59499
43117
43118
43120
43121
43123
10356
59509
43129
43137
600200
600205
600204
600206
59528
59529
59532
600199
59541
59545
600211
59547
59548
59550
600214
59553
10401
43173
43175
59560
10408
43179
59566
59567
43183
43186
600251
59571
43187
43188
600253
43189
59581
600247
600265
43201
600267
59587
600266
43204
600256
59597
59598
59600
43217
59611
43230
43232
59619
59620
600303
43239
59629
600313
600314
43255
43256
43257
43259
43260
43261
43262
43263
43264
59648
43266
43267
43268
43270
43271
43272
59657
600320
600322
43276
59660
600325
43277
43278
43279
43280
43281
43282
43285
43286
43287
43288
43289
43290
43292
43293
43294
43304
43305
43306
43307
43308
600358
43314
59700
43316
43317
43318
43319
43322
43323
43324
43325
59710
43326
43327
43331
43332
43333
43334
43337
43339
43340
59724
43342
43343
59729
59730
59731
59737
59739
59740
59741
59742
59745
10594
59749
59751
59752
59753
59757
59758
59760
43380
59764
43382
43384
43385
43387
43390
59775
59776
43393
43394
10630
43406
43419
43420
43422
43424
43426
43439
43440
43448
43449
43450
43451
10684
43454
43462
43466
59851
43467
59852
43468
43469
43471
43472
59860
59866
27099
59867
27100
59868
27101
59869
27102
43486
27103
59871
27104
59872
59873
27106
59874
27107
59875
59876
27109
59877
27110
59878
27111
59879
27112
59880
27113
59881
27114
59882
27115
59883
27116
59886
59887
43504
27121
43507
27123
27124
27125
59893
27126
43510
59894
27127
59895
27128
43513
27129
59897
27130
43515
27131
59899
27132
59900
27134
27135
27136
59904
27137
59905
27138
59906
27139
59907
27140
27141
43525
27142
27143
27144
27145
59915
59916
59917
59918
59920
27154
27172
27176
27178
43568
27188
43574
27191
27192
27193
27194
43578
27196
27197
27198
43587
27205
27206
27207
27208
27223
27229
27230
27237
27238
27241
43630
43631
60015
27248
43638
27255
27256
43640
27257
43641
27258
27259
27260
43644
27262
43654
43656
43658
43659
27279
27280
43664
27281
43665
27282
43666
27283
43676
27293
43677
43680
43693
43696
43699
43700
43702
43704
27321
27326
43711
43713
43715
60103
43721
43725
60110
60111
43727
60112
60113
60114
60115
60116
60118
60119
60120
60121
43738
60122
43740
43741
60127
43743
43744
43745
43746
43747
43748
60133
43749
27365
60134
43751
60135
43752
60138
60139
60141
10994
27378
27379
60148
27380
27381
27383
43768
60152
27384
27385
27386
43771
43773
43774
60159
60160
60161
60163
60164
60165
60166
60167
60169
60170
60171
60173
60174
43793
27410
43796
60183
60184
60185
43815
27433
43819
60214
60218
60220
27479
27481
27482
27483
27484
60263
60264
60266
60268
60269
27515
27517
27525
27528
27529
43914
60303
60305
43921
43922
11160
27545
11161
27547
27548
27549
43933
27550
27551
27552
43938
60324
60325
27558
60326
27559
60327
27560
60334
27567
27568
43958
60347
60348
43967
60352
43968
60353
43969
60354
43970
60355
43971
60356
60357
43973
60359
60365
60367
60371
60373
60378
60389
60390
60391
60395
60396
44012
44014
60400
44018
27635
60404
44020
60410
44026
60411
60412
60413
27650
27651
44035
27652
60420
27653
27655
27656
27659
27661
27662
60431
27664
60432
60433
60434
60435
27671
27673
60444
60446
27681
27685
27687
27689
60457
27691
27693
27695
27696
27697
60466
60467
60474
60477
60478
27711
27712
27715
27716
27717
11337
60492
60499
44123
60507
44124
60508
60513
60519
60520
60521
60523
44140
27758
44145
27761
60529
44146
27765
44149
44150
27768
27770
44155
27772
27774
44160
44161
44162
27781
60549
44166
27782
27784
44169
44171
27794
27795
27806
27807
60575
60577
60584
27817
27822
27823
27824
11456
60610
60611
44229
44234
60619
44235
44236
11469
11470
44240
11474
11475
60630
44247
44249
44250
60635
11485
60637
60638
11487
60639
11488
60641
60642
44269
44274
60668
11519
44287
44288
27904
44289
44290
44291
44292
44293
44296
44297
44298
44300
44309
44345
27974
44362
27979
27980
44401
60787
60793
60799
28036
28037
44421
28038
11657
11658
60812
44431
44432
44435
44436
44439
44440
44441
44450
44451
44461
44464
44471
44472
60858
60864
44486
28105
44490
44491
44492
44493
44494
28110
44495
44496
44497
44498
60888
60889
44508
44509
11743
60897
60905
60910
60911
28148
60918
28151
60920
28154
60922
28155
28157
60929
60930
60931
60932
60933
60934
60935
60936
60937
28170
60938
28171
44555
60939
28173
28174
60942
28175
60944
28179
28180
28182
44567
44568
60952
60955
60956
60960
60962
60964
60966
28200
28201
28203
44588
28205
28206
28207
28214
28215
28216
28217
28218
28219
28220
28226
28229
28230
28231
28232
28233
44618
44619
28236
44620
61004
28237
61005
28238
61006
28239
61007
28240
61008
61009
61010
28243
61011
61012
28246
61014
28247
61015
28248
28250
28251
44635
28252
61020
61023
61029
61030
44651
44652
44653
44654
44655
44656
44670
28289
44681
44682
28303
28304
44689
28307
44692
28313
28315
28329
28330
28331
28332
44716
28333
44720
61121
61140
61141
61142
61143
700139
61153
61155
61156
61157
61161
44779
44780
61165
61166
44783
61170
44790
12023
61176
61180
61181
61182
61183
61184
61185
61186
61189
61190
61191
12040
61192
12041
12042
44810
12043
61195
61196
61197
44815
61200
700187
44818
44822
61206
700189
44823
61207
61208
61218
44835
61219
61223
61224
61225
44847
61233
61240
61242
61247
61248
61249
700232
61255
700230
700231
61263
12117
12118
44900
61290
61292
61293
61294
61295
12147
61300
12149
61314
61318
61320
61321
61322
61323
61332
61348
61352
61353
61354
61355
44974
61365
61366
61370
12221
12224
61376
45001
12240
45011
45015
45018
45019
61403
61406
61409
45027
700398
700399
61413
700397
61415
61416
61418
45035
45036
45037
61427
45044
61429
12277
12278
61431
12279
61435
12283
61437
45054
45055
61439
61440
61443
61444
61448
61451
61452
61459
45080
61465
61466
61467
45085
45086
700437
61481
61486
45104
45109
61495
45115
700494
61512
45132
45133
45134
45135
45136
45137
45138
45139
45140
45141
700511
45142
45143
45144
45160
45161
45162
700512
45164
700516
61552
61558
45174
61563
61564
61565
45182
45183
45184
45185
45188
61573
45190
45191
61578
45197
45198
45199
61584
45200
45203
61588
45205
61589
45206
61591
45208
61592
61595
45214
45216
45217
61601
61607
45230
61616
700600
61631
61633
700617
61643
45261
45262
45265
700635
45266
700648
45283
700661
61695
61696
61697
61698
61699
61700
45318
45319
61703
700675
45322
61706
61707
45324
61708
45325
61709
45327
45328
45329
45330
45331
45333
45334
61719
45335
61720
61722
45339
61725
45342
45343
45346
45351
45352
45353
45356
61741
45360
61744
45361
45362
45363
45364
61748
45365
61749
45366
45373
45381
45382
61766
61767
45384
61768
45385
29002
61770
29003
61774
45391
45392
45394
29011
45396
29012
29013
29014
45398
45399
29017
29018
29019
29020
61789
61793
45410
29027
61795
61797
700783
61799
29032
61800
700771
29035
45420
700799
29046
61814
45433
29064
61832
29065
45449
45450
61834
29067
29068
29069
45453
29070
45454
29071
45455
29072
45456
45457
61841
29074
45458
29075
45461
45462
61846
45463
45464
29082
61850
29083
29084
45468
61852
29085
29086
29087
29088
61856
29089
61857
45473
29090
29091
61859
29092
29093
45477
29094
61862
29095
29096
45481
61865
61866
45484
61869
45486
45487
61872
61873
61875
45492
61876
29109
45493
61877
29110
45494
29111
45495
29112
61880
29113
29114
61882
29115
61883
61884
61886
29119
29120
29124
29126
700877
61902
61903
61904
61905
61906
61907
61908
61909
45526
61910
61911
61912
61913
61918
61919
61920
61921
61922
61924
61925
61926
61927
61928
45547
61932
61933
45549
61934
61935
45551
29168
29169
29170
61938
61939
29172
45556
29173
61941
45557
45558
61943
61944
45560
45561
45562
29180
45565
45566
29183
61953
29186
61954
61955
29187
61956
45573
61957
29190
61959
29191
61960
45576
29199
45586
61971
45588
45592
45594
29211
45598
61982
29218
45602
29219
45605
61989
45606
61990
61991
29224
61992
61993
45610
700967
29232
29233
62001
29234
62002
29235
62003
29236
29237
62005
29238
29239
62007
29240
29241
62010
29242
29243
62014
62016
62018
45637
62022
45639
62024
62027
62028
62029
62030
62031
62037
701011
62042
62043
62044
45662
29286
45672
62057
29293
29295
45679
45681
701049
62070
45689
45690
45696
29312
701070
29321
62093
29325
29326
62098
45724
62109
62111
701098
62112
701099
701096
29346
701097
701102
62116
29348
62117
701100
29350
701101
29351
62120
29353
62122
701093
701115
45746
29363
701118
45748
45749
701116
701117
45757
45761
701129
29379
29383
13001
29385
701120
701121
29387
62155
62156
45774
29392
701147
45780
29397
29398
701149
29402
29403
45788
29404
29406
62174
701140
45792
62176
62177
45794
62178
701160
45799
62183
62184
62191
29428
62200
62201
62202
62203
62204
62205
701175
701185
62220
45837
62221
45838
45840
62224
62225
62227
29460
29463
29471
13093
13094
62246
13095
13096
13098
13099
13101
13102
13103
29488
13104
29489
13105
13107
13108
45880
62271
62274
45892
62279
62280
62281
62282
62283
62284
62287
45904
62288
62289
29533
29534
62305
62312
45929
45932
45933
45934
45935
29552
62320
45936
45937
45938
62322
45939
62324
45940
62325
45941
45942
45943
701297
62334
62335
62336
62338
45968
62352
45969
62353
45970
45971
45972
45973
45974
45975
45976
62360
45977
62361
45978
62362
45979
13217
62373
62374
29607
45993
45994
45995
45996
45997
45998
45999
62384
46000
62385
62386
46004
62388
46005
62390
46006
62391
701360
62397
46014
62399
62400
46016
62401
46017
62402
29636
29637
46021
62407
46023
62408
46025
62412
46029
46030
62414
46031
62415
46032
62416
46033
46034
46035
62419
62423
62425
62426
62428
62429
62432
46052
46053
46055
46062
46063
62448
46064
62449
46066
13299
13302
13303
62455
701437
46072
62456
46074
62458
62459
62461
62466
62467
46084
62468
46085
46086
46088
46090
46093
46095
46096
46097
46098
46099
62484
46100
62485
46102
46103
46104
46105
46108
46109
46110
62496
46115
46116
62500
701473
62507
701476
46126
62513
62514
46130
62515
62517
46134
62521
46138
46139
62525
62527
46143
46144
62528
46145
46146
46153
62539
46158
62543
46160
62545
46163
62547
46164
46165
46166
62559
62563
13419
62571
46187
13420
62577
62580
701567
13430
46242
46243
46244
46246
46247
46248
46249
46250
46251
46254
701630
701631
46265
46274
46275
701638
701636
701637
46306
701680
62718
62719
62720
62721
62722
62723
62724
62725
62727
62730
46347
62732
62733
701700
62734
62735
46352
62737
46356
46357
46358
62745
62746
62748
62751
62752
62753
62758
62767
46398
46399
259388
62785
62786
62788
701761
13645
62797
46414
62798
13647
46415
62799
13648
46416
62800
13649
259409
62802
701785
62803
259415
13652
62804
259414
62806
13654
30039
30040
701778
30041
62810
30043
30044
701782
30048
259427
30049
30054
701792
13676
13677
259436
30064
701818
13680
30065
701816
30067
13683
13684
62836
13689
701814
259454
701813
13695
30080
259457
259456
30083
30084
259463
13701
13702
62855
13705
62857
13706
259465
13707
13708
62861
13709
30094
30095
259468
62863
30096
62864
701851
30097
62866
30098
30099
701849
62867
62868
701855
701853
62873
62875
259480
62876
62877
62878
13728
62880
259491
62881
259490
701864
62882
259489
13732
62885
62887
701859
701856
259497
62890
259496
701863
30128
46516
46517
46519
46520
30139
46524
30143
30144
701898
13764
13765
13766
13767
13768
30161
62934
46551
46552
46553
259546
46554
259544
30172
62940
62942
62943
30177
701934
46564
701946
62962
62963
701950
62964
62965
46582
701948
701949
46583
62967
46584
701939
62969
259578
62970
46587
62971
46588
62972
701943
46589
62973
62974
259581
62975
701962
62977
701963
701960
259585
62980
259594
701953
259599
701959
259598
62990
46608
62993
701982
46614
63000
259610
30234
30235
63003
63004
13853
63009
46627
701993
30244
701999
46629
701997
30248
701986
259627
30251
30252
701990
30253
701991
701988
702010
702011
63026
63030
63032
702003
46650
702000
702001
702007
702027
63042
702025
63043
63044
702031
702028
702018
702019
63050
63051
63052
702042
702040
702041
63061
702034
30296
702035
30297
702033
30300
30301
702039
702036
702037
13919
702058
63075
702062
63076
30309
63077
63079
63080
63084
702053
63088
702079
63093
702076
63094
63096
30330
702064
63098
63103
63104
259715
259714
63107
63108
259718
259717
702093
259716
63112
259723
702082
63113
702083
259722
702080
63114
259721
13962
259720
702081
63116
30348
46733
30350
702085
46737
702107
46738
259729
46740
702110
259735
46741
259734
46742
702109
46746
46747
63131
46748
259743
63133
259742
63134
259741
63135
259747
702123
63137
259746
259745
702121
63139
259751
702126
63143
259748
63144
13997
259758
13998
46766
13999
259763
259762
259760
63157
63158
259765
63159
259764
259771
259769
259768
259775
259774
30398
259773
63167
259779
63168
63172
702158
63174
63176
702147
259786
259785
259791
259790
63182
702148
14030
702149
259788
63184
63185
63186
63187
63188
259799
63189
63190
46806
259803
46810
63194
259801
63195
259800
259807
46812
46813
63198
63199
259804
14048
63200
259811
63201
702184
30434
259809
259808
63204
259815
14053
259814
63206
259813
46823
259819
63209
259818
63210
702176
259817
63212
259822
259821
63215
259820
63216
63217
259826
259825
63219
259824
63220
63221
63222
63224
14073
63225
63226
46842
63227
259839
259838
63230
259837
259836
46847
30464
259841
30467
259840
30468
259846
259845
259851
259850
14089
259849
30475
259855
46861
259854
259853
259852
259859
46865
63249
259858
259857
259856
30484
30485
259862
30486
259861
30487
30488
259867
30489
30492
30493
63263
259868
259875
259872
259878
259877
63273
259882
702245
702267
259888
30516
259894
30519
30521
14142
30528
30530
46920
702277
63312
46928
63313
63315
63316
63317
46933
63318
63319
63320
63321
46938
14173
63326
46944
63328
46945
30562
46952
46953
46955
46956
46957
46958
46960
63345
46966
46968
46974
63363
46980
46981
63365
63366
63367
63368
63369
63372
63374
63375
63393
63394
63395
14248
260015
47024
47025
47027
260023
63414
260024
63420
260031
14270
14272
14273
260034
260033
260039
63428
260038
260036
14280
260042
260044
47056
47057
260050
260054
14294
260053
260052
47067
63451
260061
14303
47071
260067
47073
260073
260072
260079
14323
47092
260086
30711
260091
260090
260088
260095
260094
260098
63491
260096
47108
14340
260103
14341
14342
260101
14344
260107
14347
260104
260111
14350
260109
14351
14352
14353
47121
14354
260113
14355
260112
14356
260117
63511
260116
260122
260121
14363
47131
260120
47132
260127
260126
47134
47135
14367
260124
14368
260131
14369
260130
14370
63522
260128
260135
14373
260134
14374
260133
14375
260132
14376
260138
260137
260136
47148
260141
47152
63540
63542
63543
260154
260153
260152
260159
47166
63550
260157
63551
260163
260162
63554
14403
63555
14404
63556
260165
260171
47177
260170
30794
63563
63564
63565
63566
47183
63567
260177
63574
63575
260187
14426
260185
14427
260184
260191
260190
63582
260189
260188
260195
47204
260198
63590
260197
260203
260201
260206
47214
260205
260204
260215
30840
14456
260218
14458
260217
14459
30844
30845
260226
260225
63619
260224
260228
14472
30856
47242
63632
63635
63637
30874
30875
63644
30877
30878
30879
63649
260256
30888
63660
260275
47283
47284
30902
47286
47287
260283
260282
63674
260280
260284
63701
47318
30943
30946
30948
30949
63737
47355
30971
47356
30973
30975
30976
47360
30977
30978
47362
30979
260352
30980
260359
30982
30983
260363
30985
30986
30987
30988
30989
63757
30990
30992
30994
47379
30996
30997
47381
30999
47383
260372
47384
260379
47385
63770
63771
260376
63772
47390
260381
260380
260384
63781
63782
63784
63787
63788
63789
63793
260402
63794
63795
63798
260405
63799
47423
260418
47426
31043
47427
47428
31044
31045
47429
31046
47430
31047
31048
31049
31050
31051
31052
31053
31055
31056
31057
31058
31060
47448
63832
47449
63833
47450
47451
63836
63838
47458
47459
47460
47462
47468
47469
47470
47471
47472
47473
47479
63866
31104
47495
47498
63882
47500
63886
63887
63888
47505
63889
47506
47509
63893
47510
63894
63895
63896
63897
63898
47522
47523
47524
47525
47527
47528
47529
47531
47535
47539
47541
47542
47543
47545
47546
47547
47551
47553
63939
63940
47557
31173
47559
47560
47561
47562
63948
47567
47571
63955
31187
47572
63963
63964
47585
47586
31202
47587
47588
47590
63988
31230
31231
47619
47625
47626
47627
31243
47629
47636
47637
47638
47639
47641
47642
64030
64039
31273
31276
64045
64055
47689
31312
31316
31317
31318
47716
31336
47723
47765
64150
47767
64151
47771
47772
47774
47775
31391
47776
31392
31397
47788
47789
47797
47798
47799
47800
64212
64213
64214
31454
31457
31460
31461
64241
64244
47861
15096
15097
64253
64256
31503
64273
64276
15125
15126
15127
64284
15143
31536
31537
31538
31539
31540
31541
47926
64313
64314
64316
64322
64323
64324
15179
31566
15183
64338
31585
31586
47978
47982
47984
31605
31607
31610
31612
31614
31618
31623
31624
31625
31626
48010
31627
31632
31634
64404
64405
48028
900013
48032
900012
31650
900015
31651
900014
31652
900009
900008
900011
900010
31656
48040
900005
31657
48042
900007
31659
900006
900001
31661
64429
64430
900028
900030
31670
900020
900023
900022
900017
900016
900019
900018
48064
900045
900044
900047
900046
900041
900043
900042
64456
900037
64457
900036
900035
900056
64469
48085
900058
900052
900054
900049
900048
48094
900050
31712
31713
31714
31717
64488
64490
64494
900066
64495
31728
64496
64497
31741
31742
64512
31745
31748
64516
31749
64517
31750
31751
15369
31754
15370
31757
64525
31758
31759
31760
31761
48152
31769
31770
48154
31774
31775
31776
31777
31778
31779
31780
64566
64567
64568
31808
48195
64580
64582
48200
15434
64587
64596
64600
64608
64609
15457
64611
64612
31851
48245
48246
48250
48251
48252
48253
48254
48255
48256
48257
48258
48259
31878
64646
31880
31881
48266
48267
15501
31887
64657
48280
31908
31909
15526
31911
15527
15528
31913
15531
31920
31925
15542
31926
31928
31951
31959
48349
64740
31974
48359
48361
64745
48362
64751
31988
31993
31998
32008
15624
64777
32026
32032
64807
64808
64809
32043
32044
32045
48436
48446
48447
64836
64843
64844
64849
64851
64852
32085
64855
64858
64866
48484
64868
32101
32106
15722
32113
48498
32114
48499
48500
48501
48503
32121
48506
64890
32123
48507
32124
32125
32130
32131
48515
64899
32132
64900
32133
64901
32134
64902
32135
32137
32138
64906
64907
64908
64909
64911
48530
48532
32154
64923
64926
64927
15779
15783
64935
64937
64939
64940
48557
64941
48558
64942
15791
48559
64943
15793
15795
64951
64954
48579
64964
48584
48585
64969
48586
15830
15831
15832
48607
32228
48620
48621
65007
65008
48628
48629
32249
32251
48639
48642
65029
32267
32268
32272
48660
32284
32306
48692
48694
32310
32311
48695
48696
15929
15934
32319
15936
32325
32326
32327
32328
32337
48722
32339
15957
15958
65111
15960
48729
48730
15962
48731
48732
65121
48740
48742
15977
32364
48752
48755
65139
32381
32382
48766
48774
32390
48775
32401
32402
48786
32403
32404
32405
32406
48795
48797
32416
48801
48802
48803
32421
65189
48806
48807
48808
48809
48810
65194
48811
65202
48819
48820
48821
48822
48828
48830
16062
32447
32449
48833
48834
32451
48835
32452
32453
48838
48840
48841
48842
16074
65229
16078
48849
48853
48854
48855
48856
48857
48864
48865
48866
32482
65257
48875
48878
48879
32495
16113
16114
16115
48883
32500
16116
48884
16117
16118
65270
16119
16120
16121
32506
16122
48891
16123
16124
16125
16126
16127
32512
16128
16129
32513
32514
32521
16143
48912
16144
16145
16146
65299
48918
48923
48927
32543
48928
65324
16174
65329
65330
48950
32566
48951
32574
32575
32576
48961
32577
32579
32580
48967
48969
48971
48972
48973
48977
48978
65363
48980
48981
65366
48983
65375
65376
65377
49000
49006
49007
65391
49008
65392
49009
49010
32627
49011
16243
49012
32628
32629
49013
49014
32630
49015
49016
49017
32637
32638
65408
32640
49034
49035
65420
65422
65423
65427
65428
65429
65430
65431
32664
65432
65434
32669
49053
65437
49054
65439
65440
32673
49061
65446
65448
65449
65451
65452
65453
65454
65455
49072
65456
65457
49073
65459
65460
49079
49082
49085
49086
49087
49089
49090
49091
49092
49093
49095
65487
32733
32734
16354
16356
65528
65529
65530
32765
